	1	2	3	4	5	6	7	8	9	10	11	12	13	14	15	16	17	18
1	1	 	 	 	 	 	 	 	 	 	 	 	 	 	 	 	 	2
2	3	4	 	 	 	 	 	 	 	 	 	 	5	6	7	8	9	10
3	11	12	 	 	 	 	 	 	 	 	 	 	13	14	15	16	17	18
4	19	20	21	22	23	24	25	26	27	28	29	30	31	32	33	34	35	36
5	37	38	39	40	41	42	43	44	45	46	47	48	49	50	51	52	53	54
6	55	56	L	72	73	74	75	76	77	78	79	80	81	82	83	84	85	86
7	87	88	A	104	105	106	107	108	109	110	111	112	113	114	115	116	117	118
8	119	120	 	 	 	 	 	 	 	 	 	 	 	 	 	 	 	 
L	57	58	59	60	61	62	63	64	65	66	67	68	69	70	71	 	 	 
A	89	90	91	92	93	94	95	96	97	98	99	100	101	102	103	 	 	 
右図のような表があります。
Y座標(1〜8, L, A)とX座標(1〜18)を与えるので、対応するマスに入る文字列を返すプログラムを書いてください。


【入出力】
入力は
5,6
のように、Y座標とX座標がコンマ区切りで来ます。

出力は、
42

のような感じです。

ただし：
6,3あるいは7,3が入力の場合、表にある通り、LあるいはAを出力してください。
1,8のように、表に文字が書かれていない領域が指定された場合、-を出力してください。
